CSMM:  -0.7306061667878476, 5.8195000354939115

AMM:   -0.7902400383926181, 17.380181605231122

PMM:   -0.02313619474229354, 0.2163380124071521

MCSMM: -0.9891378563613629, 0.31774255676141194

MAMM:  -0.701504873555456, 30.708137977663657

MPMM:  -0.594225067104475, NA
